%YAML:1.0
---
model_type: PINHOLE
camera_name: camera
image_width: 640
image_height: 480
distortion_parameters:
   k1: -0.002252862494682598
   k2: 0.0063180959925352295
   p1: -0.00033069396161709407
   p2: -2.705361051405613e-06
projection_parameters:
   fx: 385.4660389296693
   fy: 385.7524243384148
   cx: 317.4207199305281
   cy: 239.27415946900325