%YAML:1.0
---
model_type: PINHOLE
camera_name: camera
image_width: 640
image_height: 480
distortion_parameters:
   k1: -0.00414695
   k2: -0.00361282
   p1: -0.00005115
   p2: 0.00029105
projection_parameters:
   fx: 386.57617769
   fy: 387.03149787
   cx: 315.83703475
   cy: 240.53129787
