%YAML:1.0
---
model_type: PINHOLE
camera_name: camera
image_width: 640
image_height: 480
distortion_parameters:
   k1: -0.001511823568519628
   k2: 0.0023416473988586406
   p1: -0.00032377924792592
   p2: -0.0001395403948756812
projection_parameters:
   fx: 385.41783784237003
   fy: 385.7541587915487
   cx: 317.6982770171404
   cy: 239.50851002063843