%YAML:1.0
---
model_type: PINHOLE
camera_name: camera
image_width: 640
image_height: 480
distortion_parameters:
   k1: -0.0097384
   k2: 0.00256837
   p1: -0.00021227
   p2: 0.00011061
projection_parameters:
   fx: 386.58387825
   fy: 387.00939521
   cx: 316.81792598
   cy: 240.28634762
